000000000000000000000000000000000000
000010000000000000000000000000000000
000001100000000000000000000000000000
000011000000000000000000000000000000
000000000000000000000000000000000000
000000000000000000000000000000000000
000000000000000000000000000000000000
000000000000000000000000000000000000
000000000000000000000000000000000000
000100100000000000000000000000000000
000000010000000000000000000000000000
000100010000000000000000000000000000
000011110000000000000000000000000000
000000000000000000000000000000000000
